390
343
171
270
445
382
874
435
261
533
781
145
973
16
753
968
337
380
305
795
555
820
607
456
937
128
579
166
470
856
329
62
347
135
886
957
750
326
403
737
355
262
245
593
267
403
204
234
507
901
34
375
678
984
551
81
213
782
243
480
94
947
43
552
115
274
584
231
293
183
268
135
776
76
102
759
576
487
560
318
540
172
247
603
875
487
866
862
348
789
207
419
330
580
3
9
320
776
409
318
361
191
244
333
531
143
968
754
597
142
630
757
487
242
222
830
976
259
586
592
854
502
840
840
569
539
193
136
665
721
240
231
330
808
157
212
405
999
962
947
953
455
573
262
169
760
208
200
975
515
629
470
321
871
478
87
364
984
180
350
399
557
462
13
41
169
717
828
261
244
174
194
660
730
439
418
795
437
725
650
560
614
269
105
887
146
729
63
498
595
958
706
80
796
732
190
797
161
293
572
